# Shape: (84, 120)
# C-style row major order
-23, 24, -53, -16, -39, -114, -31, 7, 11, 69, -106, -128, 50, 10, -19, 1, 63, 57, 7, -118, -42, -28, -33, 3, -13, -44, 75, -68, -125, -11, -4, -24, -111, -13, 0, -16, 3, -50, 54, -4, -8, -10, 59, -18, 4, 4, -57, -18, -45, 27, -29, -15, -15, 44, -106, 34, -74, -54, 27, -75, -72, -118, 77, -83, 4, 54, -70, -58, -79, -92, -122, -27, -110, -9, -50, 8, 19, -18, 5, -18, -55, 55, 12, -37, 23, -39, -44, -69, -12, -37, -9, 46, 10, -28, 86, 15, -80, 0, -85, 13, -34, 15, -37, -35, -70, 40, -10, 25, -38, -10, 4, -78, -52, -40, -99, 88, 2, 94, -51, -37
-7, 2, -22, -5, 5, -75, -3, -32, -2, 21, -2, -5, 28, 32, -46, -10, 46, 27, 8, -15, 8, 14, -19, -9, 23, -1, -10, -45, -63, -27, -1, -28, 12, 61, -12, 28, -6, -1, -45, 72, 19, 13, 13, 52, 2, -3, -3, 0, 2, -13, 6, 2, 6, 127, 3, -15, 15, 6, 11, -56, -59, 16, -32, -9, 3, 26, -68, -72, -37, 3, -10, 11, -44, -68, -2, -2, -6, 0, 1, -28, -2, 10, 8, 26, 1, -51, -60, 37, 17, 60, -3, -5, 85, -34, -10, -8, -45, -52, -2, 6, -10, -9, 26, -64, 18, -36, -28, 6, 40, 7, 21, 20, 30, 24, -60, 33, -17, -69, 3, -37
22, 36, -25, 4, -58, -38, -45, 52, 26, 4, 3, -72, 13, -128, -35, 1, -13, -22, -1, 14, 30, 15, -3, -22, 11, 18, -41, -12, -14, -61, 38, 37, 91, -43, -18, 15, -7, 41, 34, 1, 2, -52, -34, -43, -11, 3, -26, 10, -14, -88, 9, -12, 9, 34, 27, 10, 6, -28, 12, -38, 37, 8, -59, 34, -28, 7, 26, 27, -38, 3, -22, 14, 23, 28, 38, -18, 38, -2, 5, -18, -60, -11, 3, 16, 10, 40, -30, -44, -4, -81, -20, -1, 36, -5, -12, 11, 22, 24, 16, -15, 53, 23, -55, 19, -16, -25, -14, -6, -61, 19, -34, -38, -51, 42, -11, 48, 15, 3, -20, 6
-109, 14, 24, -16, 6, -2, 20, 7, -32, -66, -35, 26, -10, 22, 59, -11, -16, 10, -11, -58, 23, 2, -71, 60, 11, 40, 1, -25, 61, 13, -9, 18, 3, 23, 1, 22, 9, 15, -45, -13, 11, 7, 0, -45, -18, -9, 16, 4, -128, 38, 2, -18, -70, 5, -43, -29, -34, 25, -18, 86, -71, -16, 8, -32, 32, 3, 9, -57, 31, 54, -111, -6, -26, 57, 25, 21, -4, -1, -8, 6, 33, 58, -26, 28, -13, -124, -3, 49, 14, 66, -2, 4, 61, 30, -29, 21, -76, -26, -117, 1, 1, -24, -53, 36, 17, 28, 38, 14, -51, -14, -39, 40, -60, -128, 4, -57, -34, 48, -10, 43
-2, 28, 16, 10, 19, -14, -28, 10, 29, -34, 23, -88, 20, 0, -96, -11, 41, -69, -17, -15, 68, 0, -55, -8, -15, 25, -68, 13, 18, -37, 44, -46, 54, 26, -16, 20, -3, -31, 18, 6, 0, -57, 4, 61, 6, 12, -93, -12, -62, -13, -8, -6, -68, 3, -26, -69, -25, 72, -7, 52, 31, -52, -27, -63, -12, 43, -3, -53, -79, 27, 36, -11, -32, -94, -25, -60, -72, -6, 6, 83, -3, 16, 14, -25, 7, -48, -98, 40, 13, 2, -1, 23, 18, -128, -27, -19, 55, -48, -6, -12, -55, 19, -59, -64, -27, -94, -16, 11, -65, -36, 3, 40, 1, -47, -25, -52, -8, 8, -50, 36
18, -128, -6, -20, 7, 41, 13, -5, -39, 34, 49, -25, 15, -41, 11, 6, -92, -100, 0, 21, -31, -21, 20, -49, 28, 2, -31, -33, -18, 28, -63, -26, -51, -54, -10, -35, 1, -97, 2, -31, 9, -17, -65, -13, 17, -8, 25, -5, 51, -32, -14, 4, -2, -52, 13, -68, 1, 8, 10, -68, 27, 10, -2, -12, 23, -114, 39, 17, -28, -6, -17, -12, -7, -57, -16, -19, -31, -9, 7, 26, -12, 18, -49, -74, -16, 50, 20, 38, 2, 49, -10, -49, 8, -30, 1, 13, 67, 16, 17, 2, -17, -13, 22, -8, 39, 50, 4, 7, -14, 16, 33, -30, 25, 58, 40, -20, -8, 20, 15, 49
-31, 7, 12, 5, -13, 32, -18, -40, -31, -116, -70, 68, -30, -104, 80, -7, 18, -96, -9, 10, -89, -13, -59, 20, 30, -71, -9, 22, 22, 17, -98, -5, -28, -50, -2, -33, 16, -5, -47, -21, -15, -59, -20, -128, -11, -8, -14, -6, 14, 3, 3, 20, -16, 10, -5, -66, -78, -16, 18, 73, 1, 50, -81, 26, -46, -47, -34, -13, 27, 59, -7, -17, 98, -89, -28, -11, -5, -12, 13, -9, -46, 32, -4, -27, 2, -73, 67, -18, -29, -90, -6, 4, -28, 35, -61, -42, 0, -10, 3, -10, -91, -7, 7, -10, 6, -4, -21, -6, -70, -65, -26, -48, -75, -9, -83, -18, 19, 59, -23, -14
55, 1, 47, -17, -98, -48, -95, -4, 10, 8, 19, -13, -8, 3, 23, 20, 2, -30, -11, -65, -9, 10, -8, -17, -13, 29, -6, -53, 58, 19, 52, 26, -7, -31, -1, 6, -17, -3, 64, -3, 1, -15, -3, -39, -1, 4, -53, -5, 51, 27, 4, -9, 72, 38, -30, 29, 18, 20, -8, -51, -10, 34, 16, 24, -22, -21, -28, 10, -25, -47, -10, 1, 60, 20, 63, 79, 24, -9, 4, 37, -43, -64, 10, -28, 20, -28, 32, 57, 6, -29, 12, 17, -9, -37, -60, -33, 7, 13, 22, -8, 34, 24, -20, 9, -20, 35, -75, -1, -49, -54, 1, 7, -128, 47, 13, -15, -26, -45, -18, -24
34, -63, 67, -3, -5, 37, -128, 13, -65, 11, 59, -43, -37, 17, 24, 16, 42, 34, 8, 3, 14, -17, -32, -1, -5, 34, -35, -73, 18, -21, 31, -31, -45, -16, 2, -29, -21, -3, 52, -92, -7, 19, 28, 47, -4, 2, -31, -11, -7, 11, -10, 13, 42, 21, -30, 58, -83, -10, 0, 44, -27, 27, 74, 13, 21, 14, 26, 16, -3, -12, 39, -11, 16, 27, 16, 43, 5, -8, 1, 40, -21, -8, 22, -83, -17, -53, -6, 12, 7, -21, 6, 32, -34, -91, 6, 29, 43, 46, -1, 22, 29, 10, -63, -11, 48, 4, -13, -15, -19, 3, 9, 28, -29, -13, 17, -13, -60, 2, -28, 16
-34, 13, -1, 1, 35, 0, 29, 18, -35, -46, 3, 33, 32, -1, 40, 5, 0, -14, 13, -50, -22, -9, -81, 67, 71, -6, -59, 55, -4, 30, -63, 2, -19, 43, 17, 50, 18, -5, -110, 50, 11, -44, -33, -111, 10, -9, 41, -3, -92, 14, 13, -2, -37, -18, -24, -24, 10, -81, 16, 8, -73, 33, -56, -27, 8, 19, 44, -63, 32, 79, -60, -14, -50, -17, -49, -70, 22, 14, -3, -44, 48, 79, 17, 8, 18, -89, -45, 3, 14, 41, -5, -76, 76, 102, 40, 33, -65, -21, -6, -16, -40, 54, -52, 16, 0, -21, 34, 22, 22, 9, -8, 17, -33, -126, 1, -48, 26, 24, 8, 62
-27, 9, 20, 10, -51, 23, -13, 39, -18, 43, -67, -35, 33, 13, 22, -4, -44, -1, 14, -3, 15, -5, -26, -15, 3, 32, -42, 7, -21, -49, 20, -63, 8, 8, 3, 39, 10, 13, 32, 59, -10, 6, 4, 41, -9, 6, -18, 13, -18, 4, 4, -1, 40, 60, -35, 25, -15, -25, 12, -7, 43, -49, 20, 8, -59, -27, -5, 43, -40, -61, -43, 5, 22, -7, 16, 51, 11, 0, 14, -18, -37, -14, -31, -23, 8, -16, -70, -12, 16, -128, -3, -11, 26, 15, 84, 3, 31, 20, -13, 2, 8, 51, -31, -26, -10, -46, -5, -9, -37, 35, 13, -46, -61, 5, -22, 64, -10, 45, -45, -8
20, -17, 63, 7, 1, 39, 11, -2, -55, 14, 60, 15, -35, -2, -17, -16, -3, -81, -6, 1, 14, -14, -8, -36, 33, 23, -68, -44, -6, 15, -31, -60, 24, 30, 7, 22, 1, -25, -3, -33, 14, -60, -3, -27, 6, -7, 2, -11, 19, -80, -14, -13, -10, 40, -40, -15, -40, 23, -2, 7, -37, 33, -16, 63, -32, -88, 63, -16, -59, -14, -40, -15, 0, -78, -32, -55, -79, -14, 10, 27, -16, 18, 31, -17, 20, -128, -6, 65, 10, 65, 3, -37, -18, -4, 76, 65, -6, -5, -24, 5, -23, 18, -1, -58, 30, -36, -36, -8, 47, -80, -71, 17, 11, 18, -11, 0, -4, 38, -25, 36
21, 7, 48, 3, -2, 20, -30, 27, -128, 3, -21, 9, 15, -27, -7, 5, 41, -30, -5, 12, 19, -8, -38, 6, -42, 1, -39, -34, -26, 25, -91, -6, -42, -2, 7, -24, -17, -41, -4, -37, -8, 6, -41, -20, 1, 4, 15, 26, 26, -57, -15, -20, 15, -6, -55, -36, -58, -56, 20, 1, 17, 21, -12, 27, -77, -24, 4, -7, 0, 30, 19, 12, 44, -47, -4, -15, -51, 16, -1, 26, 11, 45, -22, -48, -22, 2, -12, -22, 17, 25, 5, -59, -22, 59, -18, 29, 21, 40, -26, 21, -34, 8, -38, 6, -1, -105, 7, -8, 61, 6, -80, 15, 6, -7, 13, 18, -73, 65, -66, 21
-5, -19, -42, -13, -63, 27, -41, 25, -14, -61, 31, 3, 15, -56, -60, 1, -42, -128, -13, -75, -1, -13, -53, -39, -23, 20, 83, -43, -51, -48, 6, -16, 1, -67, -1, 49, -3, -23, -31, 92, 6, -73, -71, 4, 2, 6, 32, 2, 67, 15, 13, 3, 9, -8, -19, -36, 17, -73, -5, 5, 16, 25, 16, -52, -54, -116, -35, 15, -36, -12, -78, 3, -67, 97, 9, -30, -80, 1, -6, 17, -51, -49, -21, -51, 39, -14, 2, 83, 17, -26, 6, -38, 48, 36, -16, -87, -23, -46, -53, 2, -8, -74, -49, 41, -18, 1, 8, -6, -22, -18, -15, 0, -83, -19, 23, 3, -11, 35, -9, -15
34, -1, -42, 5, 5, 7, -7, -15, 18, -24, -14, 19, 15, -60, -65, 17, -68, -52, -9, -105, -2, -15, 95, 57, -60, 0, -6, 20, 61, 6, -15, -17, 10, -3, 0, -16, 4, -28, -27, 0, -3, -59, 42, -48, -17, 18, -56, -8, -14, -11, -16, -3, -24, 16, -7, -60, -80, 42, 2, -35, 23, -47, -103, -24, 34, -58, -105, -45, 3, 5, -29, -18, 127, 50, 29, 26, -26, -11, -5, 20, -26, -69, -43, -86, 33, -7, 16, -32, 25, -52, 28, 28, -64, -8, 7, -25, -48, -32, -55, -10, -66, 22, 49, 4, -82, -29, -25, -10, -108, 5, 18, -68, -34, 39, -3, 59, 21, -54, -56, -83
-81, 61, -18, 3, -6, -28, 5, -93, 36, 43, 36, -3, 56, 21, -27, -18, 45, 12, -4, -8, -104, -2, 31, -54, -13, -80, 8, -27, -71, -4, 9, -46, -3, 79, -3, -89, -5, 12, -128, 53, -14, 21, 7, 45, 6, -4, 12, 13, 11, 33, -1, -10, -33, 68, 41, -21, 37, 2, -3, -8, -84, -62, -25, 60, -40, 2, -52, -79, -13, -38, 13, -18, -8, -4, -9, 48, -84, 0, 18, -3, 37, -57, 20, 56, -3, -51, -30, 16, 23, 82, 6, 6, -74, -4, 51, -25, -74, -56, -59, 6, 34, 20, 26, -77, 44, -30, -75, 11, 26, -16, 35, 95, 43, 17, -36, 54, 26, -87, 41, -64
-48, 57, -17, -8, 15, -3, 10, -1, 9, -44, -63, 7, 3, -5, 23, -21, -21, 6, -11, 18, 5, -7, -86, 7, 38, 42, 19, 20, -22, -67, 19, 16, 84, 12, 6, -7, 9, 55, 39, -22, -14, 47, -49, -27, -13, -7, -8, -10, -123, 8, 12, 20, 1, 9, -25, -6, -52, -63, 10, -34, 65, -41, -43, 4, 13, -24, 41, -51, 38, 43, -81, -7, 31, 41, 45, -81, 43, 11, -14, -40, -17, 48, 30, 15, -30, 29, -29, -96, -6, -86, 13, -83, 5, -57, -16, -22, 11, -15, -38, -2, 13, 16, -90, 29, 16, 12, 31, 21, -78, 17, -128, -62, -25, -54, -18, -5, 74, 14, -33, -19
-9, 17, -11, -5, -94, -24, -34, 14, 37, -15, -37, 21, -15, 17, 127, 18, -11, 44, -10, -71, -23, 10, -11, 16, -46, 2, 84, -8, 32, -13, -56, 54, -69, -28, 10, -67, 8, 7, 37, -43, 16, -64, 15, -44, 7, 5, -29, -13, -6, -8, -10, -8, -14, -34, -54, -10, 28, -9, -6, -3, -54, 0, 7, -39, -12, -38, -19, 13, 9, 2, 30, -13, 44, 3, -36, 10, 18, -6, -13, 51, -46, -41, -20, -23, -6, 51, 75, -22, -30, -16, 18, 19, 11, 29, -31, -73, -8, -20, -16, 10, -1, -55, 21, -17, -53, 7, 0, -11, -48, 12, 15, -27, -4, -5, 39, -90, -68, -15, 17, -22
4, 34, -111, -9, -12, 10, 30, -128, 31, -26, -77, -32, 28, -75, 66, 30, 25, -16, -7, -12, -51, 6, 68, -49, 59, -48, 29, 6, 63, -25, -58, 105, -18, -4, 8, 0, 11, -85, 4, 56, 7, 44, 77, -25, -14, -8, -18, -2, 71, -9, 4, 19, 6, 11, -1, 42, 59, -74, 3, -20, -25, 57, -48, 94, 37, 75, -78, -40, 23, -23, -51, 6, -13, -2, 40, -4, -81, 19, 15, 6, 54, -90, 5, 23, 11, 42, 47, -59, -25, 79, 13, 19, -74, -35, 11, -23, 20, -33, -8, 33, -5, 9, 61, -4, -45, 4, -40, -1, 8, -34, 53, -54, 59, 71, -11, 5, 66, -115, 3, -83
17, 7, 54, 2, -49, -45, 3, 44, -33, 2, 16, -8, 11, 9, 26, 2, 31, -7, 3, -45, 47, 2, -43, 78, -30, 13, 60, -3, 34, 63, 19, -17, -13, 11, -7, -31, -12, 34, 27, -7, 7, -56, 7, -63, -12, -1, -62, -12, -31, 35, -9, 4, -14, 8, -128, -1, -84, -87, 15, 38, -69, -3, 24, -13, -28, -62, -3, 40, 15, 19, 5, -7, 64, 17, 13, 34, 26, 10, 0, 0, -22, 17, 4, -16, 3, 37, 51, 55, 3, -24, 14, 35, 8, 43, -80, 20, -91, -30, -37, 16, -9, -34, -50, 40, 20, 6, 23, 4, 3, 40, -36, 6, -92, -2, -14, 24, -23, 37, -55, 2
13, -52, 2, 11, -54, -19, -24, 20, -22, 46, -17, -57, 27, -81, -16, -10, -57, -110, -10, -41, 5, -6, 8, -36, 15, 35, -16, -13, 8, 0, 45, -66, 21, -87, 0, -28, 2, 13, -74, 127, 2, -9, 14, 6, 3, 6, 81, 19, 72, -12, 14, -20, -16, 6, 8, -51, 45, -42, 7, 4, 44, -14, -17, 6, 9, -96, -37, -31, -48, -54, -29, 15, 2, -3, 52, -64, -82, -18, 8, -19, -7, -31, -35, 8, -11, 29, -40, 45, -13, -50, 17, -51, 29, -40, -41, -15, -51, -27, -17, 3, 2, 0, 15, 10, -14, 38, -51, 11, 35, -48, -1, -46, -33, 49, 7, 34, 1, -42, -36, 16
-55, -88, 35, 4, -39, 0, -91, 30, -123, 55, -7, -66, 47, 1, -66, 0, 29, 51, 13, -59, -38, -3, -5, 36, -59, -50, 55, -70, -94, 47, 41, 8, 10, -22, -14, -75, 2, 72, -38, 52, 13, 35, 2, 55, -2, -10, 60, 19, 44, 2, -13, 25, -44, -11, -20, 7, -28, -17, -16, 23, 32, 41, 35, -60, -33, -5, -46, 68, -31, -34, 52, 3, -34, 13, -47, 90, -29, -6, 6, -19, 13, 8, -41, -52, 49, 26, -53, 11, 10, -35, 6, 39, 46, 2, -2, 63, -9, 122, -63, 5, -11, 0, -4, -19, 23, -4, 43, 11, -2, 46, 22, 7, -12, -63, 11, 57, -128, 68, -73, -93
7, 28, -86, 13, -24, -6, -38, -24, 22, 3, -49, -58, -4, -78, 15, 12, 15, 9, -8, 21, -30, 3, 38, -7, 24, -58, 42, -20, -21, -15, 3, 47, -17, -37, 0, -2, 8, -58, 127, 3, 17, -3, 1, -15, 0, 5, 22, -14, 63, -2, 4, 14, -2, -11, -14, -25, 42, -4, 7, -5, 23, -1, -44, -8, -10, -30, -5, -2, -82, 5, 17, 12, -19, 4, -4, -6, 18, 11, -2, 20, -72, -1, -44, -6, 1, 46, 22, -21, 4, 14, 13, -12, -9, -42, -34, 1, 10, -8, 6, -2, 37, -6, 28, 32, -42, 42, 7, 6, -31, 24, -7, -71, 23, 34, 12, -3, 31, 3, -20, 14
1, -70, 77, -7, 11, -15, -6, -24, -74, 6, 54, 22, -19, 65, -19, -1, 24, 32, 6, 10, -51, -9, 36, -31, -30, -25, -12, -35, -39, 21, -4, 18, -117, -34, -18, -46, -10, 27, -12, -11, 7, 12, 43, 11, -10, -4, 34, -6, 44, 12, 2, -4, 23, 23, 16, 58, 12, -24, 4, -50, -1, 30, 19, -3, -8, 12, -1, 21, 22, 6, 82, 15, -10, 0, -37, 29, -24, -4, -13, 35, 0, -6, -51, -128, -2, -3, 36, 25, 12, 47, -6, 26, 18, -30, -24, 32, -30, 12, 18, -1, -68, -22, 33, -24, 26, 29, 1, -3, 66, 74, 19, 52, 40, -18, -3, 42, -41, -50, 48, -21
-75, 41, -56, 14, 59, 127, -11, -36, 7, -32, -82, 17, -7, 43, 65, 4, 8, 21, 9, -21, -26, -9, -3, 15, 16, -53, 15, 33, -15, -45, -33, 36, 22, -3, -6, -22, -8, -22, -15, -63, 5, -13, 17, 8, 17, -12, 16, -12, -7, 46, 4, 19, -44, -36, -11, -32, 68, -24, -17, -30, 22, -70, -2, -24, 2, 60, 21, -78, -1, -2, 1, -12, -22, 3, -32, -21, -8, -8, 11, -30, 27, 61, -25, 5, 25, 26, -17, -77, -6, 16, 0, -6, -73, 51, 15, -53, 14, -69, -27, -9, 38, -84, 13, 25, 4, 49, 42, 5, -6, 11, 9, -35, -3, -20, 3, 8, 41, -8, 43, 14
50, -43, -119, 17, -40, -107, 24, -15, -45, 71, 33, -28, 3, -27, -68, -20, -35, -19, 15, -45, -9, -17, 17, -4, 108, 24, -39, -76, -58, 2, -85, -77, -21, -9, -23, 3, -15, -80, -7, 103, -4, 20, -41, 23, 3, -8, 34, -9, -86, -98, 22, -17, 44, -32, -60, -53, 53, 49, 9, -23, -75, 77, -128, 38, -44, -27, -53, -96, -61, -112, -71, 17, -80, 35, -26, -112, -13, -1, -5, 31, 2, -4, -13, 12, 18, -39, 8, 62, -19, 80, 14, -87, 41, 4, 25, -119, -73, -82, -38, 8, -98, -116, -5, 42, 31, -13, -21, -26, 25, -10, -8, 14, 77, -96, -21, -7, -32, -53, -33, -10
-59, -12, 4, -22, -53, 20, -17, -72, 28, 7, -30, 20, 29, -35, -33, 2, -8, -43, -27, -2, -12, 10, -16, -102, 12, -44, -67, 53, -15, -15, -24, 1, 36, 10, -24, -2, -17, -18, 32, 20, -20, -61, -27, -32, 13, 11, -20, -12, -36, 60, -25, 14, -65, -44, 7, -21, 30, -13, 26, 10, -29, -42, -5, -49, -5, 16, 44, 37, 9, -21, -44, -25, -22, -19, -81, -11, -51, -26, 21, 42, -20, -48, -30, -23, 6, -10, -28, 33, -19, 20, 19, -124, -56, -35, 35, -128, -37, 12, -41, 11, 17, -40, 4, 14, 31, -8, 0, -25, -42, -104, 41, -31, -42, -8, 19, 5, 8, -112, 12, -28
24, -10, -38, -6, -36, -20, -58, 12, 22, -128, -30, -57, -18, 4, -13, 18, 3, -12, 14, -28, 31, 11, 26, -30, -10, -37, -21, -5, -1, -26, -81, 6, -22, -41, -1, -22, -14, 10, -19, 22, -13, -75, 50, -16, 10, 5, 20, -1, -45, -40, -17, 10, -39, 33, -23, 17, 1, -37, -13, -3, 101, 41, -19, -8, 13, 25, -5, -25, -8, -22, -2, -13, -21, -36, -17, -49, -19, 5, 15, 28, 43, 42, -10, -26, 21, -37, 16, -34, 14, 13, 8, -44, 36, 36, -14, -35, 7, -34, 53, 3, 19, -6, 79, -7, 7, 24, -57, 10, -36, -46, -41, -36, -2, 6, -45, 14, -22, 6, 0, 6
12, -128, 12, -11, 8, -39, -9, 25, -32, 73, 44, 25, 20, 6, -66, 1, -35, -30, 0, 1, -18, 3, 39, -52, 8, 38, -55, -44, -13, -20, -10, -20, 4, -14, -3, -2, 7, -53, -2, 20, 2, 16, -5, -24, 6, -18, 40, 4, 26, -89, -11, 8, 23, -3, 19, 35, -45, -28, -15, -42, 27, 25, -54, 48, 8, -4, -2, -3, -9, 18, 10, 6, -44, -43, -34, -79, -6, 0, 2, -50, 7, -8, 24, -26, -24, -53, -47, 7, 15, -47, -10, 6, 52, -3, 37, 47, 36, 50, 34, 5, -68, 24, 42, -76, 18, -50, -28, -7, 12, -16, 38, 40, 19, 43, -12, 21, -32, 43, 1, -8
73, -65, 110, -11, -32, -33, 46, 6, -30, -9, 43, 32, 18, 9, -35, 13, 9, -109, 15, -29, 22, -18, -20, 10, 93, 41, -26, -21, 37, 44, -22, -25, -75, 5, -7, 4, -8, 73, 41, 6, 12, -24, 9, -58, 5, -19, -12, 14, -53, -37, -13, -5, 66, 33, -59, 31, -76, -36, -6, -74, -80, 52, 10, 34, -40, -66, 48, -7, 49, 61, -29, 19, 44, -32, 24, -23, -37, 16, 5, 3, -53, 35, 91, -58, -4, -128, 109, 89, 24, 81, -1, -76, -11, -26, 53, 31, -16, -38, -18, -13, -26, 100, 10, 27, 45, -4, -59, -21, 68, -49, -32, 53, 18, -23, 30, -62, -7, -34, -9, 47
-73, 24, -1, 13, -23, -33, -19, 1, 54, -37, 13, 19, -12, -35, -6, -1, -15, 35, 24, -14, 20, 7, -73, 8, -53, -78, -39, 20, 2, -40, 14, -23, -77, 4, -19, 24, 17, 12, -62, 15, -13, -4, -43, -4, -7, 25, 10, -17, -69, -14, 14, 21, -69, -22, -3, 3, 127, 89, 16, 65, -62, -50, -19, 1, 86, -20, -47, -30, -12, 41, -67, -10, -60, 18, -12, -35, -30, 4, -6, -10, -3, 0, 8, 16, 37, 34, 37, 35, 7, -9, 2, -20, -29, -12, -76, -42, -40, -85, -59, 6, 0, 41, -39, 60, -60, 59, 28, -14, -23, -53, 13, 37, -36, -32, 9, -25, 23, 44, -13, 1
42, -53, 57, -7, -39, 38, -31, 10, -91, -53, -36, 18, 7, 31, -6, -8, -4, -33, -17, -4, 3, -12, -23, 26, -71, 55, -55, -3, -7, 18, -24, -78, -57, 32, -2, 26, 17, 58, 28, 5, 2, 31, -22, -20, -2, 1, -65, 9, -25, -43, -15, -6, -13, -5, -16, 43, -59, 39, 9, 74, 21, -1, 83, -73, -41, -19, 16, -21, 27, 1, -38, -18, -11, -7, -3, -22, -10, 6, -8, 28, -4, -2, 15, 5, 25, -128, 42, -25, 31, -84, -2, 19, -34, 29, -17, -12, -24, 44, 20, 16, -49, 8, -21, -47, 16, -44, -51, 13, -10, 9, -22, 13, -42, -46, -34, -100, -47, 10, -17, 7
-20, -67, -75, 27, 66, -40, 46, 19, -98, 29, -57, 51, 56, 11, -81, 19, -80, 31, -25, 3, 46, 25, 41, 68, -65, -40, 10, 63, -4, -21, -9, -74, -15, 6, 1, 5, -19, 45, -66, 104, -3, -34, -29, -73, -1, 6, 17, -12, 69, -83, -13, -21, -25, -48, 10, -104, 84, 72, -17, 95, 19, 20, 26, -75, -33, 47, 36, 81, -1, 23, -38, -19, -92, 12, -108, -49, 2, -15, -7, 29, -21, 18, -52, 40, 9, 27, -12, 29, 14, 2, 2, -112, 111, 35, -98, 126, -39, 63, 34, -9, 1, -87, 22, 0, -6, 42, 77, -11, 86, 53, 2, 46, -55, 58, -63, -8, -87, 83, 70, 17
-7, 12, 14, -6, -5, -16, 14, 73, -60, 21, -11, 16, 6, -17, -23, 1, 0, 22, -2, 10, -3, -3, -75, 57, -28, 35, 20, 14, -30, -39, -2, -78, 0, 16, 3, 18, -7, 45, 53, -23, 9, -34, -14, -31, 0, -8, 1, 12, -55, 7, 1, 5, -7, 41, -98, -33, -19, -82, 13, -70, -4, -13, -72, -26, -66, -32, 17, 6, 19, 27, -20, -11, 56, 11, 1, -19, 41, -2, 6, -13, 5, -19, -91, 8, -5, -20, -11, 36, 5, -46, 7, 14, 14, 34, 16, 30, -1, 8, -24, -8, 11, 30, -46, 0, 22, -48, 13, 10, 18, 14, -60, -5, -128, -58, -15, 41, 0, 32, -73, 20
42, -39, 6, -9, 22, 36, 24, 0, -17, 13, -11, 20, -8, 9, -26, -7, -12, -65, -1, 31, -7, -2, 9, 5, -22, -19, -24, -15, 5, 17, -26, -49, -55, -14, -1, -7, 0, -8, 6, -6, 3, -1, 9, -16, -1, -6, 11, 13, 10, -128, 14, 6, -9, -20, 5, -19, -26, 14, 1, 40, 31, 3, 7, -21, -21, -11, 50, 5, 0, -6, 1, -3, -14, -38, -18, -12, -34, 0, 1, 12, 9, 12, 3, -10, -5, -12, 9, 31, 1, 27, 6, -60, 0, 4, 4, 47, 28, 18, -12, 4, -19, -4, 30, 4, 21, -12, -8, -4, 16, 2, -7, 0, 10, -13, -3, 27, -47, 51, 3, 46
27, -34, -30, -10, -99, 1, -68, 38, -14, 8, -39, 59, 33, 43, 9, 16, -38, -17, 1, 16, -48, 18, 12, -25, -75, -31, -24, -46, -17, -49, 15, -92, -37, -56, 18, -30, -10, -128, -24, -50, -2, 13, -78, -11, 19, -23, -88, -14, -12, 16, 19, 17, -29, -77, -5, -62, 42, 38, 27, -19, 13, -11, -24, -101, -15, 61, -9, -44, -78, -64, -37, -18, -49, -72, -96, 8, -19, 21, 8, 6, -10, 11, -30, -14, -19, -5, -62, -20, -10, -55, -37, 33, -17, -71, -9, 7, -8, 11, 11, 5, -18, -53, 27, -73, -30, 42, -36, 4, -26, -89, 32, 22, -69, 1, -91, -22, -111, 17, -33, -42
0, 10, 3, -1, -66, 17, -9, -27, 2, -29, -18, 15, -3, 5, 56, -1, 30, 3, 7, 22, -2, -1, -22, 15, 9, 29, 29, 8, 32, 28, -5, 9, -21, 17, -11, -21, -8, 37, 33, -42, -1, 11, 0, -13, 9, -3, -27, -6, -14, 15, -9, -3, 4, -13, -11, 12, -49, 57, -1, 2, -74, 1, 127, -16, -6, -47, 1, 16, 16, -11, 19, -4, 59, 23, 35, 13, 10, -5, 10, -5, -7, -48, 2, 8, -3, -14, 49, -2, -2, -9, 9, 4, -56, -3, -34, -52, 6, -71, -5, 11, 35, -19, -26, 15, -13, 12, -54, -10, -15, 3, 9, 12, -16, -17, 14, -35, 18, -53, -4, 12
-76, 17, -38, -12, 55, 14, -24, -10, -6, 34, 2, -19, -12, 2, 2, -2, 48, 2, -5, 30, -73, 8, 33, -48, -52, -58, 17, -31, -88, -22, 15, 33, -53, 18, 9, -71, -10, -61, -26, 27, 3, 62, 38, 74, -5, -6, 38, -21, 29, 7, -17, 11, -68, -56, 4, 12, -8, -80, 1, -46, 35, -12, -36, -31, -15, 7, -51, 5, -55, 13, 51, 10, -80, -11, -78, -1, -11, 16, -10, -16, -65, -2, -90, -71, -25, 23, -29, -6, -10, 1, 8, 26, -18, -16, -13, 26, 25, 8, 19, 4, -29, 18, 20, -55, 40, 17, 30, -1, 127, 34, -22, -8, 86, -63, -21, 82, -38, -24, 25, -48
-69, 33, 42, -6, -5, -21, -5, -62, 3, -31, 22, 38, 0, 52, 13, -21, 54, 27, -4, -31, -46, 20, 25, -78, 17, 48, 19, 36, 88, -22, 8, -15, -46, 28, 1, -28, 0, 32, 14, -46, -6, 16, 32, 78, 10, 17, -51, 2, -65, 52, -12, 13, -28, -19, 4, 45, 49, -53, 9, 56, -88, -7, 34, -21, 57, 58, -31, -20, 11, -35, -9, -17, -14, 58, 31, 63, 1, 11, -22, 1, 55, -53, -13, 49, 13, -35, 13, -44, 6, 19, 20, 97, -62, -39, -2, -46, -66, -70, -128, 12, 20, 23, -30, 49, 12, 63, -26, -10, -8, -14, 60, 52, 25, -85, 26, 11, 37, -94, 38, -48
-47, 45, -52, 11, -10, -9, 28, 6, 15, 19, -111, -70, 16, -80, -4, 3, 8, -4, -16, 57, -59, -14, 0, 54, 4, 32, 55, -16, -29, 28, -14, -5, -36, 15, -1, -52, -18, 73, -25, -10, 14, 13, -30, 32, -6, 9, -51, 1, 32, 19, -16, 2, -74, 12, -24, -118, 13, -62, 16, -20, 14, -128, 6, -10, -63, -60, -38, 41, -46, -23, -27, 11, 68, -19, -11, -3, 22, 9, -12, -17, 9, 3, -24, 41, 28, 25, 34, -61, -14, -4, -8, 17, -10, -7, 47, 44, -51, -11, -103, -10, 55, -5, -6, 29, -9, -33, 12, 3, 52, 12, 18, -35, -17, 27, -80, 92, 39, -41, -12, -36
22, 23, -128, 14, -9, 33, -17, -38, 39, -13, -102, -99, 44, -118, 27, 10, -11, -50, -10, 43, -85, -7, 75, -31, 38, -84, 74, 9, -19, 35, -88, 71, -53, -35, -12, -127, 17, -35, 101, 16, 0, 18, 29, -12, 24, -2, 87, -11, 51, -8, 15, 17, -98, -13, -4, -125, 89, 11, -13, -87, -18, -67, -95, -11, -38, -90, -123, 43, -87, -59, 26, 13, 74, 105, 65, 25, 11, -17, 12, 65, -5, -38, 55, -12, -6, 106, 60, -117, -11, 65, 13, 25, -56, -100, 32, 32, 50, 69, -7, 10, 70, -105, 57, 69, 33, 1, -62, 13, 101, 23, 18, -44, 35, 52, -92, 86, 48, -49, 10, 41
-25, -8, 11, -15, 35, 19, -9, 16, -61, 3, 24, 45, 32, 10, -11, 5, -39, -19, 1, 21, -37, -8, -29, -6, 59, 19, -19, -15, -9, -19, -61, -78, -16, 18, 10, 2, -10, -3, 46, -6, -11, -13, -21, -73, 4, -8, 52, -6, 35, -23, -6, -8, 22, 11, -23, 13, -29, -62, -7, -27, -3, 11, -123, -14, -65, -15, 31, 24, 17, 60, 25, 3, 41, -13, 16, -82, 36, -18, -7, 0, -11, 23, -14, -33, -5, 0, -16, 59, -5, 58, -8, -128, -31, 22, 5, -11, 1, -37, 49, -7, -35, -12, 1, -42, 7, -18, 33, -15, -3, 13, -57, -8, -21, -36, 34, 12, -85, 20, -32, 46
28, -111, -41, 17, -3, -91, -10, 1, -69, 31, 41, 56, 12, 46, -123, 0, -13, 10, -3, -102, 46, -15, 52, -30, 47, -49, 52, 25, -32, -4, 18, -51, -34, -8, 1, 76, -2, -78, -125, 127, -8, -11, 20, 19, -5, 7, 62, 7, -7, -12, -6, 21, 54, 32, 38, 13, 23, -27, 13, -48, 8, 6, -31, 23, 4, -22, -69, -4, -15, 2, -29, -15, -83, -37, -19, -8, -61, 4, -2, -50, 25, 32, -14, 29, -1, -12, -56, 18, -5, 61, -8, -50, 91, -10, 6, 42, -53, -28, 45, -16, -33, -28, 41, -48, -28, -26, 76, 10, 29, -1, 19, 38, 4, 4, 5, 13, 5, -3, -10, -5
14, -111, -78, -5, -19, 21, -15, -13, -53, -36, -62, -36, -32, -113, -4, -3, -48, -45, -7, 4, 21, 17, 10, -33, -51, -4, 9, -23, -27, -1, -15, 6, -4, -79, 2, -13, -6, -15, -45, 35, -11, 3, -112, -28, 13, 8, 52, 3, 68, -61, -4, -6, -26, -13, 51, -5, 46, 32, -2, -4, 38, 17, -10, 31, 20, -15, -37, -11, -22, -12, 45, -5, -39, 34, -31, -11, -15, 13, -15, -22, -27, -16, 24, 127, 7, 53, -24, -34, -9, 46, -10, -36, 34, 16, -30, 29, -3, 24, 28, 12, 4, -46, 2, 16, -9, 34, -25, 14, 25, 3, 17, -50, 7, 48, 7, 45, -50, 15, 19, 27
33, 50, -127, -10, -46, -40, -51, -59, 50, -54, 20, 30, 16, -45, -6, 14, 11, -3, 6, -97, 57, -10, 27, -34, 10, 10, -38, 23, 32, -39, -20, -39, 86, -23, 10, 25, 22, 12, -3, 14, 0, -53, -34, -17, 8, 15, 10, 18, -14, 7, 11, -3, -2, -19, 55, -18, 39, 2, -14, -68, 41, 3, -62, 81, 14, 44, -18, 13, 33, 0, -68, 7, -11, 40, 44, -69, 13, -13, 3, -32, -74, 54, 48, 48, 3, 45, -60, -88, 21, -62, -14, -5, 46, 32, -28, -35, 6, 10, 38, -30, 34, 12, -30, 16, -37, 23, 8, -13, -104, -32, -3, -2, 1, 22, 22, -17, 52, -24, 29, -12
-24, -67, 10, 15, 26, 10, -52, -1, -11, 78, 16, -55, 26, -4, 17, -14, -28, 13, -18, 30, -20, 1, -30, -23, -61, 32, -96, -61, -4, -11, 31, -66, 23, -58, 0, 14, -11, -49, 25, -3, 15, -5, 8, 9, -5, -5, -27, 13, -42, -51, -13, -13, 21, -108, -17, 17, -57, -63, -11, -3, 62, -53, 45, -41, -42, -62, 4, 17, -54, -59, 0, -12, -23, -32, -10, 11, -18, -5, 6, 49, 25, -57, -43, -128, 12, -31, -86, -4, -7, 1, -2, -11, -8, -32, 5, -59, 42, 8, 11, 12, 7, 30, 15, -75, 0, -53, -94, 19, -3, -13, -12, 34, -29, -18, -2, -54, -69, -31, -34, -22
5, -23, -53, 10, -43, -90, -58, -14, -21, -5, 13, -59, 17, 13, -84, 16, -30, -49, -6, -34, 65, -3, -22, 47, -41, 15, 110, -47, -31, -9, 73, -60, -17, -7, 5, 30, 21, 12, -128, 74, 2, -65, -2, -23, -6, 11, 7, -10, 3, 36, -10, 23, 27, 44, -1, 18, 13, 11, 8, -16, 17, -1, 5, 5, -2, -54, -51, 10, -22, 13, -84, -13, -24, 61, 6, 55, -44, -12, 12, -4, 8, -53, -31, 30, -13, 23, 27, 53, 19, 1, -3, 61, 92, -7, -51, 8, -75, 19, -24, -5, 49, -52, -46, 14, -17, -45, -2, 7, -50, 14, 50, 24, -29, 12, 36, 18, -1, -17, -30, -40
-26, 9, -31, 16, 11, -19, 16, 17, -13, 7, -29, -39, -7, 4, -2, 10, -10, 18, 4, 25, 13, 0, -2, 43, 16, 15, -2, -23, -3, -32, 30, 64, 69, 33, 1, 43, -13, 23, -34, -29, -5, 23, -41, 18, -5, 15, -26, -4, 4, -41, -1, -3, -98, -78, -54, -16, 24, 51, -7, 78, 4, -69, 59, 2, 5, 30, 60, -23, 28, -29, -65, 2, -13, -8, -39, -11, -83, 10, -8, -1, 39, 61, -2, 60, 0, -11, -30, -37, 17, 9, 11, 18, -13, -55, 1, -50, -75, -11, -128, 10, 41, -67, 1, 9, -17, -32, -4, 1, 5, 30, -11, -13, -49, -38, -52, -17, 27, 26, -28, -9
-14, -28, -45, -7, -76, -13, -45, -52, 33, -15, -52, -57, 20, -67, 9, 12, 12, 52, -10, -41, 4, 5, -3, 0, -52, -30, 11, 21, 10, -37, 23, 5, 13, -80, -13, 40, 7, 2, -23, 46, 5, -14, -25, 5, 12, 12, 32, -14, -88, 3, 2, 3, 50, 9, 5, -98, 20, -53, -11, -7, -51, 127, -13, 17, -6, 13, 17, 35, -88, -8, 40, 0, -40, -7, 8, 3, -2, -9, 1, 47, -14, 0, -14, -17, -5, 19, 32, 23, 5, -27, 8, 27, -42, 42, -66, -6, 14, 62, 19, 1, -7, -30, 34, 8, -50, 18, 75, -7, -25, 44, -67, 0, 45, -24, 33, -32, 3, -9, 0, -61
5, -52, -50, -6, -11, 5, -44, 30, 9, 13, -52, -22, 4, -87, 12, -6, -46, 14, 4, 8, -11, -8, 30, 64, -17, 1, 17, 53, -18, 32, -29, -3, -28, -83, 1, -15, -4, 29, -5, 38, -18, 27, -50, -14, 1, -1, 31, 20, 37, 7, -12, -1, -13, -39, 30, -97, 34, 31, 2, 80, 0, 2, -7, -27, 5, -7, -33, 66, -8, 1, 0, -8, -42, -27, -30, 16, 10, -7, 7, 46, -128, 22, -34, -32, 17, 64, 5, -1, 5, -20, -6, 2, 55, 34, -60, 67, -1, 68, 66, 18, 13, -28, 29, -28, -23, 66, 34, 12, -4, 45, 19, -1, -8, 3, 16, 15, -45, 52, -5, 9
-41, 23, 87, 4, -34, -80, 4, -8, -86, -128, -49, -62, -10, -67, 21, -29, 11, 24, -8, -71, -41, -27, -66, -28, -41, 70, -4, 1, 90, -23, -41, 21, 10, 64, 17, 52, -23, 12, -14, 49, 18, -111, -29, -66, 5, -16, -107, -32, -24, -2, 17, -21, 37, -32, -81, -12, -54, 24, -21, 61, -98, 66, -112, -88, 76, 104, 75, -41, -60, -39, -93, 13, 2, -44, 48, 41, -48, -7, -12, 23, 74, -112, -13, -25, -17, -51, -67, 79, -28, -10, -7, 102, -79, 19, -98, -33, -78, -118, -23, -3, -18, 68, -67, -48, -4, -21, -38, -24, 34, -50, 28, 10, -18, -85, 59, -65, 29, -64, -13, -50
-30, 18, -18, 5, 94, 11, -5, 26, 38, -6, 58, 4, 25, 23, -50, 13, -17, -65, -8, -30, -28, -20, -14, 84, 39, -109, 21, -29, 30, -115, 48, -42, -58, -18, -2, -12, -28, 54, -66, -22, 8, 63, -2, 18, -2, 22, -20, 8, -25, 11, -20, -1, -9, -62, -14, -52, 24, 46, 20, -113, 6, -88, -31, -20, 80, 26, -29, -14, -52, 36, 4, 19, -36, -2, -63, -91, -47, 1, 15, -30, -2, 63, 1, -64, -3, -16, -60, -32, 10, 36, 2, -67, -16, 40, -78, -51, -94, -36, -47, -19, -38, -128, -74, -43, -68, 21, -13, -5, 7, -48, -55, 70, 16, -83, -17, -81, -35, 5, -64, -62
-40, -24, 17, 0, 15, -52, -96, -24, -24, -23, 27, -26, -8, -10, -37, -18, 11, 36, 1, 2, -80, -10, -33, -25, -63, 3, 18, -21, 45, -41, 54, -39, -40, -8, 14, -18, 15, 22, 11, -20, -11, 19, 0, 24, 3, -13, -15, -2, 36, -30, 12, -14, 8, -23, 32, 27, -17, -26, 7, 65, 17, -26, 6, -60, 40, 47, -13, 19, -38, 11, 28, 7, -26, -3, -26, 7, 3, -4, 13, 6, -5, -14, 10, -73, 4, -38, -28, 30, 5, -17, -18, 126, 34, -64, -30, -1, 18, 46, -36, 8, 8, -36, -24, -24, 3, 30, 9, -11, -67, 10, -29, 74, 26, 5, -1, -19, -76, 15, 12, -13
-28, -52, 35, 0, -27, 29, -11, -71, -21, -71, -19, -33, 14, 2, 87, 5, 77, 6, 0, 38, -62, -17, 21, -70, 29, 6, 22, -5, -9, 76, -51, 2, -71, -10, -13, -28, 6, 22, 34, -20, -10, 1, 0, -76, -15, 8, 68, 13, 125, -14, -15, -3, 21, 15, -21, -2, -1, 9, 6, -21, -25, 3, -5, 12, 16, -15, 9, 12, -25, -36, 15, 5, 26, -40, 15, 33, 0, -4, -2, 38, -28, -9, 29, -67, 13, 31, 63, 91, -19, 9, -7, 14, -11, -112, -62, -40, -5, -33, -1, 14, 0, -3, 3, -35, 14, 24, -27, 7, 64, 35, -1, 42, 9, -31, 9, -6, -16, -87, 14, 28
-30, -5, -9, -11, -33, -126, -24, -19, 10, -45, 31, 19, 30, 2, 26, 4, 91, 24, 17, 24, -96, -28, 25, -91, -70, 1, 6, 19, 63, -2, -98, 51, -72, 28, -8, -60, -22, 52, 3, -33, 27, 7, 4, -58, -9, -1, -17, 15, 45, -1, -16, -23, 2, 11, -93, 38, -11, -50, 7, -66, -58, 50, 5, -25, -9, 60, -11, 20, -2, -19, -46, 11, -1, -21, 9, 64, -48, -6, 15, 18, 13, -127, -1, 18, 40, -44, 60, -24, -1, -12, 0, 58, 46, -21, -37, 8, -50, -53, -67, 0, -53, -4, 40, -23, 22, 37, -10, 11, 2, -15, 23, 17, -46, -6, 20, 12, 17, -96, 27, -39
13, 52, -95, 2, -21, -34, -28, -30, 62, -75, 34, 27, -7, -53, -3, -8, 20, -28, -17, -128, 41, -10, 21, -119, 57, 55, -88, 22, 65, -30, -59, -6, 55, 13, -3, 49, -5, 11, 11, -3, 9, -62, -69, -43, -21, 4, -7, -1, -51, 13, 7, -12, 26, -66, 59, -6, 41, 32, 14, -94, 37, 26, -71, 25, 9, 34, 6, -29, 45, -28, -63, 16, 17, 17, 48, -57, 18, 20, 16, -13, -19, 109, 20, 34, -2, 0, -1, -120, -6, -17, -7, -8, -20, 15, -14, -69, -7, -12, 11, -28, 19, 15, -61, 5, 5, 27, -30, -17, -73, -77, 17, -13, -1, 42, 25, -99, 33, -47, 33, 31
7, 16, 17, -24, 2, -90, 23, 34, -64, 54, 10, 39, 43, 17, -10, 16, 41, -6, -12, -61, 10, 6, 7, 127, -21, 41, 19, -13, -109, 39, -61, -46, -28, 31, -17, 23, -16, 24, -107, 32, 17, -82, 8, -50, 17, -5, -11, 7, 8, -9, -15, 6, -8, 47, -42, -56, -63, -79, 1, -50, -49, 43, -92, -52, -57, -23, 14, -24, 0, 33, -93, -22, 79, -89, -27, -72, 17, -5, -5, 0, -13, 30, -55, 11, -3, -71, 2, 61, 6, -60, -20, -16, 29, 49, -47, 46, -52, -36, 18, 22, -67, 49, 5, -22, 8, -82, 27, -2, 109, 0, -47, 30, -48, -23, 19, 63, 18, 5, -29, 10
34, 6, -31, 1, -4, -25, 0, -90, 5, -46, -36, 13, 3, 9, -6, 10, -53, -48, -4, -104, 23, 8, 47, -3, -1, 6, 11, 2, -59, 86, -82, 52, -9, 34, -3, 28, -12, -37, -31, 29, 2, -89, 39, -73, 3, -7, 76, 10, -38, -34, -16, 6, 25, 18, -14, 1, -6, 27, -13, -69, -29, 51, 22, 33, 43, 20, -128, -23, 3, 40, -25, -15, -1, -28, 23, -16, -26, -17, 8, -29, -31, 10, 55, -15, -5, -7, 55, 22, 10, -14, 19, -95, 41, 50, -27, -49, -29, -38, 19, 4, -18, 55, 60, 12, -18, -16, 15, -18, 50, -63, 8, -16, -37, 42, 19, -68, 20, -108, 31, -5
-12, 64, -17, 13, 12, 7, 16, 20, 34, 0, -74, -9, 3, -54, 5, 1, 10, 8, 4, 33, -13, -2, 7, 82, -9, 12, 36, 27, 1, 26, 11, 27, 51, 70, 8, 19, -15, -3, -13, -19, -2, 24, -3, 35, -3, -2, -24, 5, -6, -22, -2, 16, -106, -10, -36, -128, 8, 34, -8, 64, -26, -54, 5, 3, -54, -55, 3, -27, 23, -12, -50, -13, 58, 9, -4, 12, -11, -11, 12, 40, 5, 28, 7, 27, -6, 14, 16, 18, -1, -14, 0, 28, -16, -16, -17, -5, -69, -35, -67, 3, 7, -31, -28, 9, 29, -40, -28, 7, 56, -11, -8, -28, 3, -3, -59, 19, 29, -19, -17, -12
-36, -53, -39, -11, -44, -41, 2, -25, 26, -91, -40, -24, 14, 0, 23, 8, -91, -97, 12, 14, -9, -4, -1, 8, -26, 2, 13, -38, 18, 8, 37, -21, 52, -49, 8, 19, -20, 8, -60, 60, -1, -52, 18, -2, -5, 8, -61, -6, -76, -42, 5, 27, 0, 8, 14, -19, -32, 66, -1, -35, 28, 127, 16, 6, -21, -53, -71, 8, -68, -56, -50, 6, 32, 21, -3, -52, -90, 6, -1, 21, -54, -64, -35, -21, -27, -3, 33, 9, 7, -10, 8, -54, -51, 3, -70, -63, -26, -28, -26, 16, -6, -17, -28, -28, -74, -20, -25, -4, -38, -17, 60, -28, -13, 20, -2, -77, 67, -4, -15, -103
-8, -17, 7, 6, -108, -60, -8, 8, 30, -71, 18, 6, 13, -21, 4, 7, 54, 31, -7, -80, 28, 3, -44, -64, 4, 85, 30, 0, 123, -25, -2, 17, -38, -13, 2, 15, 3, 8, 49, -27, 10, -43, 28, -101, 15, 7, -55, 1, -82, 30, 17, 10, 25, 4, -37, 62, 5, 45, 12, -21, -15, 54, 39, 47, 30, -37, 2, -17, 40, 50, 8, 19, 13, 50, 39, 21, 44, 2, -1, 40, -36, -15, -2, -25, -12, -10, 59, -2, -10, -9, 13, 22, 11, -11, -106, -37, 29, -37, -16, -1, 14, -31, 17, 41, -59, 10, 22, 9, -76, -2, 0, 8, 14, -28, 53, -55, -16, -24, -34, -14
-43, 5, 33, 0, 20, -40, 6, 11, -40, -60, -123, -58, 28, -9, -29, 11, -16, 38, 3, -23, -22, 5, -17, 25, 32, 6, -32, 16, -68, -73, 21, 15, 21, -5, 6, 36, -1, 16, 76, -76, -17, -7, -36, -10, -6, 7, -37, -1, 29, -30, -4, -9, 31, -60, 1, 8, 32, -50, -13, 20, 30, -1, -36, 44, -25, 30, 54, -44, 18, -5, -47, 16, 34, 26, -30, 8, 43, 12, 2, -19, -30, 44, 23, 8, -25, -65, -71, -67, -6, 12, 13, -69, -40, 26, 26, -5, 29, -9, -68, -12, 127, -9, -82, -34, -1, -9, 42, 15, -66, 11, -22, -57, -25, -47, -11, -12, -33, 19, -17, -28
29, 32, -24, -8, 24, 13, 3, 8, 32, 27, -31, -55, 23, -36, 3, 12, 13, -13, 4, 22, 0, 6, -11, 46, -2, -21, 28, -2, 29, 45, 28, 5, -6, 15, -3, -93, -5, 15, -39, -29, 3, 16, -34, 21, -3, 12, -35, -3, 19, 6, -13, -1, -52, 14, -27, -73, -9, 50, 5, 67, -18, -67, 73, -25, -40, -31, -33, 2, -6, -52, -21, 3, 68, -13, -17, 33, -34, 4, 9, 21, 17, -5, 46, 22, 31, -6, 31, -49, -1, -37, 7, 10, -12, -12, 32, 12, -55, 2, -127, -11, 66, -11, -19, 18, -7, -29, -42, -6, 25, 24, -2, 9, -26, 30, -72, 12, 34, 36, -26, 20
-24, -25, 29, -8, 27, -85, -14, -85, 13, -49, 49, -9, 9, 26, -100, -4, -4, 2, 3, -76, -2, 10, 16, -56, 39, 20, -16, 42, -1, -74, 29, 7, 44, 21, 5, 55, 5, -64, -5, 9, 8, -13, 39, 19, -4, 3, 16, -19, -65, 21, 11, 20, 8, -17, -15, 73, 37, 3, 3, -41, 40, 29, -23, 59, 127, 69, 21, -64, 13, 55, -25, -8, -30, 4, -4, -42, -4, -8, 7, -46, 27, 13, 15, 0, -14, -48, -46, -26, -11, 54, -13, 22, -43, -62, -47, -46, 13, 18, -31, -6, 10, -26, -8, 9, -25, 23, -4, 1, -19, -56, -31, 12, 20, -60, 3, -83, 18, -59, -8, -44
88, -6, -39, 8, 30, -37, 13, -25, 46, -5, -15, 31, 14, -24, -29, 5, 3, -34, -16, -85, 23, 20, 50, -75, 28, 38, -12, 17, 64, 119, -58, -65, -15, 29, 0, 49, -9, -32, -114, 53, 20, -24, 2, -35, -5, 3, 34, 8, -14, -44, 8, 8, 10, -45, 54, -23, -28, 120, -12, 71, -73, 9, 9, 5, 26, -33, -107, -5, -12, -22, -89, -7, 92, -40, -41, -23, -91, 18, -7, 49, -19, 55, 80, 72, 10, -4, 8, 0, 1, -54, 19, -44, 84, -16, -26, 2, -128, 8, -5, -3, 42, 27, 20, -60, -5, 1, 37, -6, 63, -63, -28, 9, 4, 70, 6, -60, -42, 32, 54, 5
-48, -36, 39, 5, 20, 18, -43, -13, -4, 26, 21, -51, -7, -40, -5, 18, 6, -48, -6, 22, -31, 13, -45, 92, -23, -19, -41, -43, 3, -45, 47, 4, -55, 17, 15, 35, 6, -9, 14, -11, 29, 36, -37, 14, 3, -21, -11, 7, 20, -6, 0, 30, 9, -22, -77, -37, -13, 30, -27, 14, 10, -99, 73, -7, 25, -18, -128, 64, 1, -38, 25, -13, -89, 49, -12, 4, 9, 8, 9, -6, 5, -47, -89, 5, 40, 37, -76, -102, 5, -63, 11, 23, -20, 8, 6, -52, 15, 59, 13, 23, -54, 21, -30, 41, -44, 15, 32, -28, -30, 5, -51, -66, -57, -28, -9, -59, -41, -34, -91, -1
-47, -13, -5, -1, 29, -10, -30, 11, 13, 37, 2, -43, 4, -7, 13, -8, 27, 22, 11, 23, -35, 0, 2, -86, -53, -29, 20, -27, -66, -41, 43, -5, -17, -20, -4, -39, -10, -32, 7, 29, -8, 34, 32, 127, 1, 3, 43, -10, 26, 10, 7, -4, 8, 32, 5, 30, -8, -21, 6, -17, 10, -22, -18, -9, -5, 32, -77, 4, -110, -12, 33, 0, -49, -38, -38, 32, -8, 13, 2, 4, 17, -86, 23, -2, -11, 49, -71, -4, -1, 1, 1, 39, -19, -69, 29, 14, 51, 20, 0, -5, 39, 36, -8, -69, 24, 12, -55, 7, 1, 14, 22, 19, 32, -34, -29, 48, 6, -9, 20, -24
-99, 52, 17, -13, 0, -49, 14, 37, -11, -47, -42, 40, -11, 40, 38, -7, 37, 35, -6, -104, -41, 2, -67, 35, 7, 47, 16, 45, -11, -33, -75, -6, -24, 41, -6, -35, 18, 14, 1, -32, 5, -24, 7, -44, -13, -5, -11, 9, -128, 47, -10, -7, -14, -52, -14, -38, 44, -48, 5, -20, -16, -34, -28, -25, 8, 54, 26, -11, 22, 43, -104, -17, -13, 38, -1, -2, 59, -6, -7, 4, 8, 51, -3, 9, -2, -40, 6, -56, 1, -67, 10, 28, -13, 36, 5, 4, -86, -43, -103, -7, 16, -17, -64, 43, -21, 31, 43, 1, -55, -34, -33, -45, -3, -88, 2, 6, 13, 11, -18, -21
-52, 84, -47, 1, 12, 93, 17, 41, 69, -29, -128, -55, -5, -1, 70, -4, -12, 7, -13, 42, -28, 5, -7, 22, -40, -90, 4, 21, 21, 11, -15, 21, 22, 2, -5, -80, -2, 11, 28, -43, 9, 39, -86, 16, 5, 6, 28, 21, 12, -1, 10, 8, -70, -112, 28, -7, 59, 76, 22, 68, 66, -41, 71, -46, -14, 20, 37, 22, 36, -71, -32, 14, -10, 14, -28, 54, 2, -1, -15, 64, 22, 49, -31, -19, 1, 33, -1, -51, -13, 48, -1, 13, -62, -14, 23, -18, 50, 44, 29, 16, 80, -50, -4, 0, -1, 9, 51, -5, 14, 14, -31, -68, 0, 8, -20, 33, 33, 42, 26, 70
84, -50, 44, 12, -2, 6, 3, 42, -103, -64, 49, 22, 34, 6, -3, 15, 4, -27, 0, 11, 33, 2, -82, 17, 65, 57, -27, -30, 10, 25, 9, -26, -52, 23, 8, 26, 3, 125, 46, -7, 13, -55, -5, -35, -6, -5, 4, 9, -46, -17, -15, 0, 19, 36, -61, 23, -114, -72, 7, -20, -48, 32, -19, 3, 13, -80, 71, 9, 53, 38, -30, -4, 61, 0, 27, -22, 44, -1, 15, -10, -30, 24, 35, -8, -11, -64, 26, 54, 16, 55, 4, -66, -34, -8, 23, 51, -31, 1, -21, 32, -22, 57, -63, 5, 52, 47, -12, -9, 12, -39, -45, 42, -51, -59, -27, -49, -94, 7, -65, 37
-98, -6, -16, 14, -41, -29, -35, 40, -86, 16, -55, -52, -19, -2, -2, 6, -11, 21, -19, 26, -30, -17, -18, 37, -103, 19, 66, -58, 21, -11, 9, -4, -14, -27, -5, -47, -10, 36, 127, 10, 5, -3, -49, -71, 16, -23, -25, 9, -3, 38, 21, 12, -9, -27, 14, -32, 20, -30, 5, 20, -11, -13, -9, -33, 37, -64, -77, 28, -107, -24, 13, 23, 2, -4, -1, -1, 69, 3, -1, 36, -61, -35, -71, -63, -7, 28, 17, -3, 10, 72, 9, -5, 23, 70, -41, 26, 42, 1, 9, -7, -41, -23, -16, -48, -65, 60, 39, 21, -9, -5, -23, 1, -14, -11, 82, 71, -58, -3, 36, -40
-44, 2, -5, 7, 27, -42, -5, -35, -6, 16, -21, -25, 6, -21, -30, -10, 15, -10, 8, 9, -36, 2, 14, -115, 18, -66, 12, -1, -8, -7, 22, 10, -31, 13, 5, -38, -3, -41, -88, 2, 1, 24, 3, 127, -3, 1, 29, 1, 18, -25, 5, -8, 0, 49, 14, 36, 11, 1, -4, -42, -3, -54, -20, 21, 1, 13, -97, 3, -28, -22, -18, -16, 2, -23, -34, 0, -57, 14, -7, 15, 4, -53, 39, -4, 11, -23, -5, -80, 17, 22, 2, 29, 4, -53, 43, -23, -75, -3, -75, -15, -3, 4, -28, -10, 8, -12, -38, -1, 19, 13, 10, 38, -3, 45, -32, 61, 18, -33, 16, -22
-126, 33, 12, 7, 6, -14, -29, -27, -87, 3, 30, -19, 10, 39, -89, -16, -56, 11, 1, -108, -66, 13, 22, 12, -71, 19, -71, -74, -60, -30, -23, -52, 18, 21, -17, 36, 20, -56, -3, 84, 5, -49, -12, -12, -5, -3, 17, 18, -38, 20, 11, 13, 1, -26, 24, -6, -65, 8, 17, -123, -28, -22, 18, -60, -72, -33, -4, -83, 54, -16, -4, 3, -4, 74, 18, 45, 42, -16, 16, -27, 36, 10, 6, -17, 2, 7, -24, 17, 26, 26, 4, -4, -44, 27, 60, 15, -18, 8, -51, -13, -27, 11, 4, -40, 73, -35, -1, -16, 53, -46, -21, -47, -116, -64, -54, 36, -12, 8, -128, 22
6, -26, -23, 4, -2, -33, -92, 35, 10, 60, 8, -5, 2, -93, 11, 15, -27, -124, -13, -6, 1, 15, -60, -36, 76, 58, -75, -10, -32, -97, -17, -32, 10, -128, 5, 35, -19, -9, 48, 34, 3, -60, -21, -16, -6, 17, -8, 11, 23, -2, -5, -17, 8, 16, 45, -10, 37, 42, 10, -74, 64, 9, -67, -9, -20, 17, -2, -45, 7, 40, -10, -15, 42, 22, 66, -85, 13, -18, -3, 10, -46, 32, -24, 4, 27, -41, -26, -25, 13, -52, 12, -55, 40, -60, -10, -15, 70, 30, 18, -4, -35, 46, -17, -3, 7, -1, -72, 10, -70, -68, -21, -39, -81, 14, -4, -69, -59, 2, 8, 36
40, -25, -24, -13, 30, 57, -23, 36, 55, 43, -3, -28, 1, -81, 17, 10, -75, -3, 9, 42, 1, 18, -11, -17, -24, 12, -65, -123, 5, -22, 9, -32, 32, -106, 12, 18, 9, -40, 58, -36, 7, 10, -43, -21, -4, -6, -30, -6, 76, -128, -11, -14, 27, -49, 21, -12, 12, 28, 7, 22, 61, 33, -14, -13, 14, -61, 43, -4, -40, -34, -4, -3, 22, -17, 38, 32, 15, 0, -10, 54, -26, 37, -31, -28, -2, 31, -9, 5, -12, -12, 16, -26, -32, -19, 16, 15, 70, 56, 35, 18, 45, 1, 9, 30, 18, 12, -63, -5, -4, -24, 7, -62, 12, 31, 14, -1, -28, 58, 12, 42
9, -33, 25, 16, 18, 4, -11, 5, 4, 5, 14, -31, -20, 6, -58, -15, -53, -16, -10, 5, 7, -6, -35, 3, -73, 24, -47, -51, 60, 1, 75, 24, -36, -17, -1, 43, 3, 8, -65, 27, 8, 34, 13, 38, 7, -8, -12, -13, 10, -14, 6, 4, 14, 6, 18, 36, -18, 44, 7, 60, 13, 8, 101, -45, 18, 5, -16, 4, 4, -44, 22, -10, 16, 22, 13, 68, -128, 3, 5, -15, 17, -26, -2, 24, -7, -21, 32, 37, 4, -19, 5, 48, -16, -41, 15, -24, 2, 17, -23, 15, 9, -66, -53, -14, 6, 0, -8, -6, -39, 9, 26, 53, -25, 30, 13, -4, -77, 44, 12, -12
-50, -13, 24, -3, 52, -29, 32, -107, -3, -34, 17, 21, -12, 2, 67, 5, 8, -6, 9, 7, -26, -2, 33, -69, 82, -34, 10, 4, 4, 7, -27, 10, 28, 15, -3, 31, -10, -51, -2, 6, 11, 4, 28, 18, 7, 5, 127, 10, -12, -1, -10, 18, -49, -66, -3, 32, 48, -65, 10, -43, 9, 5, -72, 9, 44, 43, 28, -27, 16, 1, -13, 10, -76, -36, -90, -75, -28, 10, 4, 8, 5, 42, -7, 7, 10, -9, -5, -14, -6, 54, 10, -16, -41, 2, 21, -59, 33, 0, -82, -20, -16, -27, 37, -45, 9, -6, 24, -17, -3, 5, 49, 30, 66, -31, -17, -37, 3, -97, -3, 18
42, -48, 21, -10, 0, 9, -3, 54, -49, 4, -18, 52, 15, -34, -61, 9, -69, -41, 18, 20, 19, -3, 4, 6, -9, 34, -24, 7, 35, 18, 19, -41, -19, -14, 10, 40, -12, -39, -59, 8, 14, 31, -41, 34, 2, -12, -9, -10, 7, -87, 3, -10, 24, -14, 3, 24, -8, 71, -12, 57, 30, 36, 57, 13, 28, 36, -39, 75, 23, -79, -59, -1, -7, -50, -62, -14, -80, 8, -5, 23, 5, 25, 34, -9, -5, -18, -49, -28, 9, -127, -2, 13, 45, -61, -26, 20, 13, 63, -2, -3, -11, 19, 0, -38, 9, 51, -110, -9, -14, 18, 20, 1, -55, 47, -16, -47, -85, 56, 14, 8
11, -38, 17, 15, 29, -13, 26, -47, -8, 63, 78, 14, 15, -11, -7, 7, -21, -45, -19, 15, -38, 2, 42, -15, 2, -43, 22, -69, -68, 18, -18, -56, -45, -19, 5, -7, -18, -63, -34, -6, 0, 14, 39, -44, -8, 11, 35, -6, -11, -45, 7, 12, -5, -11, 21, 2, -29, -55, 8, -37, -3, 32, -110, -12, 23, -31, 24, 1, 29, 59, 19, 13, -31, -36, -44, -48, -25, -10, 8, -3, 33, -20, -6, 18, -7, 19, -6, 72, 4, 70, 9, -29, 1, 14, 39, 33, 41, 1, 60, -2, -13, 48, -8, -79, -10, -78, 2, 5, 48, -10, -9, 50, 27, 14, 23, 34, 40, -128, 17, -1
-49, -15, 65, -1, 10, -81, 13, -128, 18, -49, 17, 20, 3, 62, -40, 15, 4, 31, 5, -94, 24, 4, 4, -71, 7, -35, -8, 25, 30, 42, 17, 23, -11, 36, -17, 117, 19, -63, -29, 44, -17, -35, -13, -26, -6, 14, 38, -13, -83, 14, -5, 7, 17, 4, 34, 66, 42, 72, 4, 34, -32, 33, 11, 36, 122, 82, -31, -4, 54, 26, -25, 13, -35, -61, -10, -26, -32, -11, 9, -21, 31, -4, 16, -11, -26, -63, -5, -7, 6, 59, 11, -21, -6, 4, -1, -10, -15, -52, 0, -18, -2, -11, 55, -15, -37, -8, 28, -11, 35, -47, 28, 47, 5, -19, 7, -96, 25, -38, 22, -26
-43, -15, 19, -3, 12, 127, 5, 14, 15, 2, 5, -84, -4, -56, 31, 0, -18, -38, 12, 19, -100, 13, 36, 28, 44, -13, 38, -35, -41, 70, -43, 9, -58, 9, 11, -30, 2, -94, 5, 0, -7, 10, -33, -25, -8, -13, 42, -3, 26, -17, -13, -9, -54, -24, 37, -77, 14, -17, -5, -7, -22, -11, -58, 27, 1, -71, -18, 13, -24, 30, -9, -4, 29, -40, -37, -21, -40, -1, -5, 10, -9, -23, -8, -23, 12, 13, 61, 74, -7, 2, 9, -28, -24, -46, -10, -20, -4, -26, -8, 4, -53, 18, -5, 14, 30, 15, 4, 6, 68, 12, 9, 7, 20, 51, 19, 36, 7, -40, 7, 5
82, 5, 9, 14, 16, 18, -11, -9, 46, 18, -43, -31, 32, -74, 34, -6, 19, -5, 17, 18, -53, -13, -42, 21, 15, 3, 23, -46, 67, -32, 82, 47, -5, 11, -7, -74, 2, -2, 8, -21, 2, 58, -88, 11, -10, -4, 20, -7, -1, -34, -3, 5, 12, -44, -15, -7, 8, 127, -11, 26, -34, -45, 36, 27, 26, -4, -33, -10, 3, -74, -74, -14, 43, 6, 53, 33, -68, -8, -7, -48, 22, 5, 39, 81, 22, -15, -5, -37, -18, -21, 22, 2, -24, -90, 42, -116, -9, -87, -125, 15, 39, 0, -75, 20, -43, -3, -62, 0, -25, 24, -28, 18, -18, 55, -87, -72, 1, -19, -22, 21
-74, 73, -72, 10, 7, 27, 15, 20, 35, 8, -91, -5, 33, -18, 64, 6, -11, 7, -13, 12, -30, 18, 60, 100, -4, -54, 12, 45, -50, 10, -49, 35, 31, 1, -10, -9, -8, 18, 53, -9, 14, 27, -17, 17, 15, 10, 26, 18, -8, 13, 10, -16, -128, -55, 47, -81, -15, -3, -9, 44, 35, -42, -30, -4, -110, -25, 17, 10, -20, -23, 18, -2, 36, -3, -27, -11, -17, -4, -1, 10, -26, 29, -43, -39, 5, 45, 29, -8, -2, -39, 10, -6, 15, 18, 6, -8, 1, 10, -9, 3, 0, -49, 44, 57, 30, -16, 23, 12, 38, 58, 18, -83, 24, -49, 35, 21, 39, 28, 26, -19
-44, -65, -54, 16, 15, -38, -75, -54, -79, -27, 44, -70, 33, 6, -46, -8, 55, -18, -21, -42, -70, -17, 28, -32, -9, -52, 12, -126, -17, -17, 4, -16, 100, -31, -24, -15, 9, -80, -12, 43, 14, 44, 18, -2, -19, -5, -24, -16, -49, 10, 11, 22, -34, 75, 1, -66, -25, -29, 15, 32, -62, -27, 27, 56, -38, 110, -14, -67, -84, -64, 24, 6, -49, 25, -61, 9, -68, 15, 24, 18, 4, -24, 4, -30, 20, -60, -128, -11, -29, 10, -25, 45, -17, -52, 38, 72, 33, -5, -8, 27, 10, 9, 31, -52, 5, 30, -3, 8, -15, -22, 75, 3, -15, -57, -126, 60, -95, 20, -46, -38
