5.819782e-03
6.612661e-03
5.332606e-03
8.913430e-04
4.274320e-03
6.044759e-03
5.592792e-03
5.308020e-03
6.029825e-03
6.562492e-03
6.617662e-03
5.363459e-03
5.314430e-03
5.760346e-03
6.139622e-03
6.041172e-03
8.636630e-04
7.714019e-03
4.890591e-03
8.109778e-03
5.225072e-03
7.498348e-03
5.781971e-03
6.639092e-03
4.702023e-03
4.578180e-03
5.692817e-03
4.584744e-03
5.191348e-03
1.184858e-03
5.285990e-03
6.311286e-03
5.885491e-03
5.921824e-04
7.224138e-03
5.438171e-03
5.751979e-03
6.342277e-03
5.697813e-03
6.542090e-03
6.525663e-03
5.540458e-03
6.273418e-03
6.370568e-03
5.068997e-03
4.747704e-03
2.994791e-03
5.726414e-03
5.465375e-03
8.177178e-04
5.944496e-03
7.329973e-04
7.698213e-04
5.635049e-03
6.259580e-04
6.237359e-03
5.380722e-03
4.780333e-03
6.701986e-03
6.171878e-04
6.326127e-04
5.513371e-03
7.588786e-03
7.007266e-03
5.859667e-04
6.947452e-03
5.719553e-03
1.363872e-03
6.722658e-03
7.305229e-03
8.211267e-03
5.269404e-03
6.895374e-03
5.643906e-03
2.956113e-03
7.539352e-04
8.303991e-03
6.435582e-03
7.315795e-04
5.337539e-03
7.049220e-03
1.744330e-03
4.288679e-03
6.223642e-03
6.577168e-03
6.109080e-03
6.666376e-04
5.510039e-03
7.228586e-03
8.704978e-03
7.000521e-03
7.045469e-03
7.145543e-04
6.219503e-03
5.992980e-03
7.559579e-03
5.273195e-03
1.110559e-03
7.397131e-03
6.961016e-03
8.203720e-04
5.929100e-03
1.576052e-03
6.166156e-03
7.693823e-04
6.692412e-04
5.501181e-03
5.596491e-03
4.747172e-03
9.066274e-04
6.635908e-03
6.358974e-04
6.384979e-03
2.222286e-03
6.900721e-03
6.945282e-03
6.853986e-04
7.714463e-03
5.890844e-03
6.383339e-03
