1.043204e-03
6.176516e-03
6.052522e-03
5.894901e-03
4.849455e-03
3.146703e-03
4.901330e-03
6.926502e-03
5.440988e-03
5.428432e-03
7.134858e-03
3.893352e-03
5.993823e-03
5.469394e-03
5.535563e-03
4.633969e-03
4.682565e-03
4.994001e-03
6.910324e-03
5.105036e-03
5.696552e-03
8.261702e-03
5.279865e-03
4.873434e-03
5.627922e-03
4.852623e-03
5.752908e-03
5.202791e-03
5.477807e-03
5.179798e-03
6.180812e-03
5.428752e-03
5.120422e-03
4.460674e-03
5.134725e-03
5.059347e-03
6.449544e-03
6.048925e-03
4.546673e-03
8.651300e-03
5.717106e-03
3.986320e-03
9.981457e-04
1.195133e-03
4.138004e-03
4.216489e-03
3.437790e-03
4.324449e-03
7.795430e-03
4.781268e-03
1.140251e-03
4.587840e-03
7.083238e-03
4.094028e-03
5.095639e-03
6.415584e-03
4.138123e-03
4.146933e-03
8.017311e-03
4.977679e-03
5.600162e-03
6.300338e-03
4.923367e-03
4.824125e-03
6.877007e-03
7.035614e-03
6.086736e-03
4.037772e-03
4.290353e-03
5.116152e-03
5.649392e-03
6.288819e-03
5.406800e-03
3.246750e-03
5.590532e-03
6.249993e-03
5.680060e-03
4.177437e-03
4.766795e-03
5.794176e-03
5.862479e-03
5.035118e-03
4.822985e-03
6.274053e-03
